   1    2    9.9437      1.2568
   1    3   19.9197      0.1492
   1    4   14.9075      1.1377
   1    5   12.0360      0.0462
   1    6   12.4363      0.4532
   2    3   10.4549      1.0763
   2    4   10.2704      2.0619
   2    5   15.3015      0.4966
   2    6   10.5278      2.8409
   2    7   14.6052      0.0298
   2   19   16.4955      0.0771
   2   20   19.1354      0.0444
   2   24   18.0890      0.0571
   3    4   10.7324      0.6163
   3    6   16.2106      0.0863
   3    7   12.6209      0.1614
   3    8   18.9066      0.1711
   3   19   12.1859      0.9411
   3   20   10.3470      0.2552
   3   21   16.2058      0.1483
   3   24   15.9463      0.0159
   4    5   13.4711      2.4091
   4    6   13.5709      0.7352
   4    7   17.6272      0.4277
   4    8   18.5442      0.5518
   4   18   14.1637      1.7060
   4   19   11.1487      1.4165
   4   20   16.9942      0.1813
   5    6    9.7515      5.0970
   5    8   18.3936      0.3814
   5   14   15.0900      0.1067
   5   15   13.3871      0.0784
   5   16   13.1622      0.0807
   5   17   16.2432      0.0725
   5   18    9.3650      0.6987
   5   19   17.3022      1.2157
   6    7   12.0665      0.7279
   6    8   13.9411      0.5884
   6   14   17.5157      0.3840
   6   15   14.3717      0.1001
   6   16   19.5130      0.0242
   6   18   13.8705      1.4234
   6   19   14.3539      0.3011
   7    8   11.5652      3.1465
   7   19   12.5786      1.3886
   7   20   11.8680      0.4572
   7   21   18.3380      0.0137
   7   24   13.9942      0.0492
   8    9   14.1438      5.5031
   8   14   14.5162      1.1900
   8   15   17.1836      0.0621
   8   18   13.6340      2.0841
   8   19    9.3607      1.9544
   8   20   14.8561      0.0912
   9   10   11.0804      0.4653
   9   11   19.5304      0.0585
   9   13   16.6162      0.1876
   9   14    9.4381      1.8354
   9   15   17.5257      0.0708
   9   17   19.4383      0.0252
   9   18   13.3801      1.5391
   9   19   18.6603      0.5027
  10   11    9.7703      0.4541
  10   12   14.0899      0.0154
  10   13   11.4123      0.1256
  10   14   12.8788      0.0454
  10   15   19.6877      0.0360
  10   16   19.0491      0.0124
  10   17   17.0506      0.0025
  10   18   19.5813      0.0114
  11   12    8.0343      0.2737
  11   13   10.7667      0.0199
  11   14   17.8256      0.0026
  11   16   18.8734      0.0127
  11   17   17.1034      0.0091
  12   13    8.3263      0.3702
  12   14   18.3321      0.0070
  12   16   15.3857      0.0043
  12   17   14.0879      0.0196
  13   14   11.7383      0.3694
  13   15   15.1473      0.0075
  13   16   10.5878      0.0095
  13   17   10.3872      0.1990
  13   18   18.2318      0.1160
  14   15    8.5578      0.1169
  14   16   11.7501      0.2624
  14   17   14.7137      0.4585
  14   18   10.5918      1.8780
  14   19   19.5448      0.8106
  15   16    9.7672      0.7118
  15   17   17.5692      0.3359
  15   18   14.4668      0.1780
  16   17    9.6289      1.1031
  16   18   14.9893      0.2068
  17   18   14.6847      1.5604
  18   19   12.7622     10.1378
  19   20   10.0144      1.8810
  20   21   16.0595      1.0743
  20   24   18.4442      0.2060
  21   22   14.3054      3.7216
  21   23   11.1930      1.2345
  21   24   10.6293      0.7326
  21   25   15.5400      1.0736
  21   26   11.3617      2.9972
  21   27   14.8106      2.7280
  22   23    9.7557      4.3085
  22   24   19.9613      0.7538
  22   26   15.2361      1.2498
  22   27    8.2000      0.5277
  22   28   15.4246      0.3106
  22   30   14.9240      1.5585
  22   31    9.8761      0.1443
  22   32   14.1878      0.2297
  22   33   18.6975      0.2315
  23   24   11.3862      4.9183
  23   25   16.3282      0.6993
  23   26   11.8872      3.9040
  23   27   13.4040      2.4521
  23   28   17.9676      0.2496
  23   29   18.8192      0.1671
  23   30   12.8906      0.4279
  23   31   14.5289      0.7442
  24   25   10.8011      1.8462
  24   26   14.0860      0.9741
  25   26   10.6472      2.7670
  25   29   16.7524      0.0097
  25   30   18.9724      0.0290
  26   27   11.2041      1.4184
  26   28   12.5669      0.0628
  26   29   12.1493      0.0882
  26   30   13.2128      0.2481
  26   31   17.8188      0.0959
  27   28    8.8867      5.6377
  27   29   16.3219      0.3983
  27   30   13.5998      2.0016
  27   31   10.8477      0.6992
  27   32   15.7482      0.2932
  27   33   17.8419      0.0256
  28   29    9.9228      1.4728
  28   30   10.6159      2.8214
  28   31   11.6515      1.0318
  28   32   17.5423      0.0474
  28   33   18.6356      0.0209
  29   30    9.3765      4.0434
  29   31   17.2990      0.1879
  30   31    9.9297      1.9497
  30   32   18.8793      0.1378
  31   32    9.3107      0.1198
  31   33   14.4265      0.1273
  32   33    7.0555      3.0183
  32   34   13.7783      1.8979
  32   35   19.9517      0.1051
  33   34    6.8339      5.7179
  33   35   13.2268      0.1333
  34   35    6.9444      0.1996
