   1    2     0.472679703
   1    3     0.584256632
   1    4     0.511542100
   1    5     1.337029697
   1    6     0.801030469
   2    3     0.490654690
   2    4     0.376014923
   2    5     0.597032714
   2    6     0.321762673
   2    7     1.221788901
   2   19     0.755678709
   2   20     1.013817001
   2   24     2.188271958
   3    4     0.634342488
   3    6     0.962059473
   3    7     0.997399434
   3    8     0.656896692
   3   19     0.508619770
   3   20     0.917140675
   3   21     1.438294281
   3   24     2.217978730
   4    5     0.336413496
   4    6     0.525623913
   4    7     0.619072327
   4    8     0.414533680
   4   18     0.385254709
   4   19     0.403566589
   4   20     0.765542767
   5    6     0.240233782
   5    8     0.520869836
   5   14     0.785401608
   5   15     1.307417599
   5   16     1.365333351
   5   17     1.393862847
   5   18     0.516756949
   5   19     0.372383168
   6    7     0.621177929
   6    8     0.619361022
   6   14     0.690039728
   6   15     1.254523298
   6   16     1.416856819
   6   18     0.409823127
   6   19     0.588394287
   7    8     0.307104705
   7   19     0.430965190
   7   20     0.788789465
   7   21     2.224791429
   7   24     2.276099387
   8    9     0.233699580
   8   14     0.442463388
   8   15     1.331065271
   8   18     0.333602897
   8   19     0.359685083
   8   20     0.873130793
   9   10     0.794553505
   9   11     2.076069101
   9   13     1.039048783
   9   14     0.396138390
   9   15     1.117702323
   9   17     1.411031262
   9   18     0.427147072
   9   19     0.547801302
  10   11     0.815816045
  10   12     2.959651937
  10   13     1.388774047
  10   14     1.508148874
  10   15     2.167304180
  10   16     1.965878866
  10   17     3.140368969
  10   18     1.739959033
  11   12     1.051083042
  11   13     2.789281533
  11   14     2.140952979
  11   16     3.075738749
  11   17     4.269091987
  12   13     0.891572466
  12   14     1.359158619
  12   16     2.644134650
  12   17     3.818912948
  13   14     0.797832107
  13   15     1.825118173
  13   16     1.934598118
  13   17     1.161393054
  13   18     0.935815158
  14   15     1.039238135
  14   16     0.904006677
  14   17     0.717289620
  14   18     0.378622084
  14   19     0.377740878
  15   16     0.594676714
  15   17     0.680950820
  15   18     0.932264029
  16   17     0.507007357
  16   18     0.949940489
  17   18     0.431732232
  18   19     0.168417050
  19   20     0.392731806
  20   21     0.533117452
  20   24     1.167994312
  21   22     0.272042725
  21   23     0.457409489
  21   24     0.591957921
  21   25     0.494541439
  21   26     0.310536167
  21   27     0.318130697
  22   23     0.250105630
  22   24     0.353861852
  22   26     0.372447136
  22   27     0.534357540
  22   28     0.500102422
  22   30     0.393445386
  22   31     0.730052050
  22   32     1.040821111
  22   33     1.115526816
  23   24     0.241064446
  23   25     0.593175456
  23   26     0.271852108
  23   27     0.306786451
  23   28     0.542812675
  23   29     0.911702241
  23   30     0.645660620
  23   31     0.577509394
  24   25     0.385057622
  24   26     0.437623829
  25   26     0.321440751
  25   29     1.703532246
  25   30     1.282260152
  26   27     0.421925036
  26   28     0.994509401
  26   29     1.247447577
  26   30     0.844788778
  26   31     0.613953541
  27   28     0.227552584
  27   29     0.649810892
  27   30     0.338156614
  27   31     0.585821357
  27   32     0.888811066
  27   33     1.704442304
  28   29     0.436176685
  28   30     0.317129599
  28   31     0.504641247
  28   32     1.396052186
  28   33     2.608714122
  29   30     0.271779919
  29   31     0.487883685
  30   31     0.374504130
  30   32     1.108803433
  31   32     0.998012838
  31   33     1.356023261
  32   33     0.318381517
  32   34     0.402767768
  32   35     1.711506575
  33   34     0.232041385
  33   35     1.519724466
  34   35     1.242248497
